54.7033
54.2641
53.7532
53.2099
52.6534
52.0935
51.5359
50.984
50.4401
49.9059
49.3827
48.8713
48.3725
47.8866
47.414
46.9548
46.509
46.0767
45.6578
45.252
44.8592
44.4792
44.1117
43.7565
43.4132
43.0816
42.7613
42.452
42.1535
41.8653
41.5873
41.3191
41.0603
40.8107
40.57
40.3378
40.114
39.8982
39.6901
39.4896
39.2963
39.11
38.9304
38.7573
38.5905
38.4298
38.2749
38.1257
37.9819
37.8433
37.7098
37.5812
37.4573
37.3379
37.2228
37.112
37.0053
36.9024
36.8034
36.7079
36.616
36.5274
36.4421
36.3599
36.2807
36.2045
36.131
36.0602
35.9921
35.9264
35.8632
35.8022
35.7436
35.687
35.6326
35.5801
35.5296
35.481
35.4341
35.3889
35.3454
35.3036
35.2632
35.2243
35.1869
35.1508
35.1161
35.0827
35.0504
35.0194
34.9895
34.9607
34.933
34.9062
34.8805
34.8557
34.8318
34.8088
34.7867
34.7654
34.7448
